{
 "cells": [
  {
   "cell_type": "code",
   "execution_count": 1,
   "metadata": {},
   "outputs": [],
   "source": [
    "from dataclasses import dataclass\n",
    "\n",
    "import jax\n",
    "import jax.numpy as jnp\n",
    "import matplotlib.pyplot as plt\n",
    "import numpy as np\n",
    "import numpy.typing as npt\n",
    "import qctrlvisualizer as qv\n",
    "import qutip as qt\n",
    "from jax.scipy.linalg import expm\n",
    "from scipy.optimize import minimize\n",
    "\n",
    "jax.config.update(\"jax_enable_x64\", True)\n",
    "\n",
    "\n",
    "@dataclass\n",
    "class OptimizationResult:\n",
    "    _result: any\n",
    "    times: npt.NDArray[np.float_]\n",
    "    params: npt.NDArray[np.float_]\n",
    "    pulse: npt.NDArray[np.complex_]\n",
    "\n",
    "    def plot(self):\n",
    "        pulse = np.append(self.pulse, self.pulse[-1])\n",
    "        plt.step(self.times, np.real(pulse), where=\"post\", label=\"I\")\n",
    "        plt.step(self.times, np.imag(pulse), where=\"post\", label=\"Q\")\n",
    "        plt.grid(color=\"gray\", linestyle=\"--\", alpha=0.2)\n",
    "        plt.legend()\n",
    "        plt.show()\n",
    "\n",
    "\n",
    "@dataclass\n",
    "class SimulationResult:\n",
    "    times: npt.NDArray[np.float_]\n",
    "    unitaries: npt.NDArray[np.complex_]\n",
    "    states: npt.NDArray[np.complex_]\n",
    "    infidelities: npt.NDArray[np.float_]\n",
    "\n",
    "    @property\n",
    "    def dimension(self) -> int:\n",
    "        return self.states.shape[1]\n",
    "\n",
    "    @property\n",
    "    def populations(self) -> npt.NDArray[np.float_]:\n",
    "        return np.abs(self.states.squeeze()) ** 2\n",
    "\n",
    "    def display_bloch_sphere(self):\n",
    "        states = self.states.squeeze()\n",
    "        qv.display_bloch_sphere(states[:, :2])\n",
    "\n",
    "    def plot_populations(self):\n",
    "        qv.plot_population_dynamics(\n",
    "            sample_times=self.times,\n",
    "            populations={\n",
    "                rf\"$|{k}\\rangle$\": self.populations[:, k] for k in range(self.dimension)\n",
    "            },\n",
    "        )\n",
    "\n",
    "    def print_final_populations(self):\n",
    "        population = self.populations[-1]\n",
    "        for k in range(self.dimension):\n",
    "            print(f\"|{k}> : {population[k]:>6.2%}\")\n",
    "\n",
    "    def plot_unitary_infidelities(self):\n",
    "        plt.plot(self.times, self.infidelities)\n",
    "        plt.grid(color=\"gray\", linestyle=\"--\", alpha=0.2)\n",
    "        plt.ylim(0, 1)\n",
    "\n",
    "\n",
    "class PulseOptimizer:\n",
    "    def __init__(\n",
    "        self,\n",
    "        dimension: int,\n",
    "        detuning: float,\n",
    "        anharmonicity: float,\n",
    "        segment_count: int,\n",
    "        segment_width: float,\n",
    "        target_unitary: npt.NDArray[np.complex_],\n",
    "    ):\n",
    "        self.dimension = dimension\n",
    "        self.detuning = detuning\n",
    "        self.anharmonicity = anharmonicity\n",
    "        self.segment_count = segment_count\n",
    "        self.segment_width = segment_width\n",
    "        self.duration = segment_count * segment_width\n",
    "        self.a = jnp.array(qt.destroy(self.dimension).full())\n",
    "        self.ad = jnp.array(qt.create(self.dimension).full())\n",
    "        self.H_sys = self.system_hamiltonian()\n",
    "        self.initial_params = self.random_params()\n",
    "        self.target_unitary = target_unitary\n",
    "        self.jacobian = jax.jit(jax.grad(self.objective_function))\n",
    "\n",
    "    def system_hamiltonian(\n",
    "        self,\n",
    "    ) -> npt.NDArray[np.complex_]:\n",
    "        omega = 2 * np.pi * self.detuning\n",
    "        alpha = 2 * np.pi * self.anharmonicity\n",
    "        a = self.a\n",
    "        ad = self.ad\n",
    "        H_sys = omega * ad @ a + 0.5 * alpha * ad @ ad @ a @ a\n",
    "        return H_sys\n",
    "\n",
    "    def pwc_unitary(\n",
    "        self,\n",
    "        value: complex,\n",
    "        duration: float,\n",
    "    ) -> npt.NDArray[np.complex_]:\n",
    "        H_ctrl = 0.5 * (self.ad * value + self.a * jnp.conj(value))\n",
    "        H = self.H_sys + H_ctrl\n",
    "        U = expm(-1j * H * duration)\n",
    "        return U\n",
    "\n",
    "    def objective_function(\n",
    "        self,\n",
    "        params: npt.NDArray[np.float_],\n",
    "    ) -> float:\n",
    "        pulse = self.params_to_pulse(params)\n",
    "        U = jnp.eye(self.dimension)\n",
    "        for value in pulse:\n",
    "            U = self.pwc_unitary(value, self.segment_width) @ U\n",
    "        return self.unitary_infidelity(U, self.target_unitary)\n",
    "\n",
    "    def unitary_infidelity(\n",
    "        self,\n",
    "        U1: npt.NDArray[np.complex_],\n",
    "        U2: npt.NDArray[np.complex_],\n",
    "    ) -> float:\n",
    "        return 1 - jnp.abs((U1.conj().T @ U2).trace() / self.dimension) ** 2\n",
    "\n",
    "    def random_params(\n",
    "        self,\n",
    "        key=0,\n",
    "    ) -> npt.NDArray[np.float_]:\n",
    "        key = jax.random.key(key)\n",
    "        return jax.random.uniform(\n",
    "            key=key,\n",
    "            shape=(2 * self.segment_count,),\n",
    "            dtype=np.float_,\n",
    "            minval=-1,\n",
    "            maxval=1,\n",
    "        )\n",
    "\n",
    "    def params_to_pulse(\n",
    "        self,\n",
    "        params: npt.NDArray[np.float_],\n",
    "    ) -> npt.NDArray[np.float_]:\n",
    "        params = np.reshape(params, (self.segment_count, 2))\n",
    "        return params[:, 0] + 1j * params[:, 1]\n",
    "\n",
    "    def optimize(\n",
    "        self,\n",
    "    ) -> OptimizationResult:\n",
    "        result = minimize(\n",
    "            self.objective_function,\n",
    "            self.initial_params,\n",
    "            method=\"BFGS\",\n",
    "            jac=self.jacobian,\n",
    "        )\n",
    "        params = np.array(result.x, dtype=np.float_)\n",
    "        pulse = self.params_to_pulse(params)\n",
    "        times = np.linspace(0, self.duration, self.segment_count + 1, dtype=np.float_)\n",
    "        return OptimizationResult(\n",
    "            _result=result,\n",
    "            times=times,\n",
    "            params=params,\n",
    "            pulse=pulse,\n",
    "        )\n",
    "\n",
    "    def simulate(\n",
    "        self,\n",
    "        pulse: npt.NDArray[np.float_],\n",
    "        steps_per_segment: int,\n",
    "    ) -> SimulationResult:\n",
    "        pulse = np.repeat(pulse, steps_per_segment)\n",
    "        segment_count = self.segment_count * steps_per_segment\n",
    "        unitaries = [np.eye(self.dimension)]\n",
    "        initial_state = np.array(qt.basis(self.dimension, 0).full())\n",
    "        states = [initial_state]\n",
    "        infidelities = [0.0]\n",
    "        segment_width = self.segment_width / steps_per_segment\n",
    "        times = np.linspace(0, self.duration, segment_count + 1)\n",
    "        for value in pulse:\n",
    "            U = self.pwc_unitary(value, segment_width) @ unitaries[-1]\n",
    "            unitaries.append(U)\n",
    "            state = U @ states[0]\n",
    "            states.append(state)\n",
    "            infidelity = self.unitary_infidelity(U, self.target_unitary)\n",
    "            infidelities.append(infidelity)\n",
    "        return SimulationResult(\n",
    "            times=times,\n",
    "            unitaries=np.array(unitaries),\n",
    "            states=np.array(states),\n",
    "            infidelities=np.array(infidelities),\n",
    "        )"
   ]
  },
  {
   "cell_type": "code",
   "execution_count": 2,
   "metadata": {},
   "outputs": [
    {
     "data": {
      "text/latex": [
       "Quantum object: dims = [[3], [3]], shape = (3, 3), type = oper, isherm = False $ \\\\ \\left(\\begin{matrix}0.577 & 0.577 & 0.577\\\\0.577 & (-0.289+0.500j) & (-0.289-0.500j)\\\\0.577 & (-0.289-0.500j) & (-0.289+0.500j)\\\\\\end{matrix}\\right)$"
      ],
      "text/plain": [
       "Quantum object: dims = [[3], [3]], shape = (3, 3), type = oper, isherm = False\n",
       "Qobj data =\n",
       "[[ 0.57735027+0.j   0.57735027+0.j   0.57735027+0.j ]\n",
       " [ 0.57735027+0.j  -0.28867513+0.5j -0.28867513-0.5j]\n",
       " [ 0.57735027+0.j  -0.28867513-0.5j -0.28867513+0.5j]]"
      ]
     },
     "execution_count": 2,
     "metadata": {},
     "output_type": "execute_result"
    }
   ],
   "source": [
    "w = np.exp(1j * 2 * np.pi / 3)\n",
    "\n",
    "target_unitary = qt.Qobj(\n",
    "    [\n",
    "        [1, 1, 1],\n",
    "        [1, w, w**2],\n",
    "        [1, w**2, w],\n",
    "    ]\n",
    ") / np.sqrt(3)\n",
    "target_unitary"
   ]
  },
  {
   "cell_type": "code",
   "execution_count": 3,
   "metadata": {},
   "outputs": [],
   "source": [
    "optimizer = PulseOptimizer(\n",
    "    dimension=3,\n",
    "    detuning=0.0,\n",
    "    anharmonicity=-0.3,\n",
    "    segment_count=10,\n",
    "    segment_width=2.0,\n",
    "    target_unitary=target_unitary.full(),\n",
    ")"
   ]
  },
  {
   "cell_type": "code",
   "execution_count": 4,
   "metadata": {},
   "outputs": [
    {
     "data": {
      "text/plain": [
       "OptimizationResult(_result=      fun: 1.5298873279334657e-13\n",
       " hess_inv: array([[ 7.52960090e-01, -5.76361621e-02, -2.59426582e-02,\n",
       "         2.27483464e-02, -3.83948318e-02,  5.84292065e-02,\n",
       "         8.51271015e-02,  7.27925667e-03,  5.07854523e-02,\n",
       "         7.38541248e-02, -1.06538648e-01,  1.06245124e-01,\n",
       "         7.30682112e-02, -8.71262566e-02,  2.78744789e-02,\n",
       "        -6.38703143e-02,  1.36069889e-01,  1.01314250e-01,\n",
       "         1.16096355e-01, -1.29887035e-01],\n",
       "       [-5.76361621e-02,  6.84488118e-01,  1.47624216e-01,\n",
       "        -8.36970981e-03, -1.20242736e-01,  6.00454166e-02,\n",
       "         6.12838561e-02,  5.49011787e-02, -2.98289008e-02,\n",
       "         7.19590812e-02, -9.84657883e-03, -1.63113176e-02,\n",
       "        -5.65477809e-03,  1.27971527e-01, -9.80449227e-02,\n",
       "         5.57128166e-02,  2.73321994e-02,  1.59281794e-01,\n",
       "         3.40650243e-02,  6.54763090e-02],\n",
       "       [-2.59426582e-02,  1.47624216e-01,  7.48274090e-01,\n",
       "        -1.50534633e-02,  5.95931720e-03, -1.34676933e-01,\n",
       "         9.23799905e-02, -2.19309096e-02,  3.83635771e-02,\n",
       "        -5.64775898e-03, -7.28580827e-02, -1.83235353e-02,\n",
       "        -1.48661834e-01, -1.55894900e-01,  7.54525910e-02,\n",
       "         1.52491075e-02,  6.94097446e-02,  2.67071245e-04,\n",
       "        -3.38434537e-02, -5.09857216e-02],\n",
       "       [ 2.27483464e-02, -8.36970981e-03, -1.50534633e-02,\n",
       "         7.29094822e-01, -9.00093930e-02, -6.58896345e-02,\n",
       "        -3.08027807e-02, -1.96050965e-01, -1.29368513e-02,\n",
       "         9.26449588e-02, -1.51941308e-01,  7.56419631e-02,\n",
       "        -5.17248551e-02,  4.91072128e-02, -9.31312984e-02,\n",
       "         9.06768961e-02,  6.25013166e-02, -1.38517344e-01,\n",
       "        -1.70095332e-02,  5.83294889e-02],\n",
       "       [-3.83948318e-02, -1.20242736e-01,  5.95931720e-03,\n",
       "        -9.00093930e-02,  8.41125279e-01, -3.22734395e-02,\n",
       "         9.82003284e-02,  5.96795377e-03,  5.68160649e-02,\n",
       "         1.58160825e-01, -2.12549452e-02,  1.00088402e-01,\n",
       "        -6.48424226e-02,  6.56560096e-02, -1.61448335e-03,\n",
       "         1.44854469e-01,  6.45983018e-03,  5.01255109e-02,\n",
       "        -1.52522449e-02,  7.71144067e-02],\n",
       "       [ 5.84292065e-02,  6.00454166e-02, -1.34676933e-01,\n",
       "        -6.58896345e-02, -3.22734395e-02,  7.48258332e-01,\n",
       "         1.39038064e-01, -8.74928836e-02, -4.17858492e-02,\n",
       "         1.16345393e-01,  3.56418442e-02, -6.62129018e-02,\n",
       "        -8.41786860e-02, -1.04782116e-01, -2.89524339e-02,\n",
       "        -9.66388247e-03,  1.62461851e-03, -7.38059507e-02,\n",
       "        -2.13051287e-01, -3.06382635e-02],\n",
       "       [ 8.51271015e-02,  6.12838561e-02,  9.23799905e-02,\n",
       "        -3.08027807e-02,  9.82003284e-02,  1.39038064e-01,\n",
       "         7.32343508e-01,  1.63777447e-02, -9.17330165e-02,\n",
       "        -1.44095245e-01, -1.91743345e-02,  8.13444348e-02,\n",
       "         5.65104462e-02,  4.49309361e-02, -1.27369328e-01,\n",
       "        -4.26908587e-03, -1.02224238e-01, -6.77169966e-02,\n",
       "         5.91067690e-02, -2.17509441e-02],\n",
       "       [ 7.27925667e-03,  5.49011787e-02, -2.19309096e-02,\n",
       "        -1.96050965e-01,  5.96795377e-03, -8.74928836e-02,\n",
       "         1.63777447e-02,  7.53009416e-01,  1.24550662e-02,\n",
       "         2.15833003e-02, -1.44842820e-01, -8.81968735e-02,\n",
       "         5.19520651e-02,  4.54684991e-03, -3.34153421e-02,\n",
       "        -4.84294100e-02,  1.33574242e-01, -1.68772198e-01,\n",
       "        -2.00891096e-02,  1.20802487e-02],\n",
       "       [ 5.07854523e-02, -2.98289008e-02,  3.83635771e-02,\n",
       "        -1.29368513e-02,  5.68160649e-02, -4.17858492e-02,\n",
       "        -9.17330165e-02,  1.24550662e-02,  7.97123633e-01,\n",
       "         5.89459188e-03, -1.74017560e-02, -3.47799023e-02,\n",
       "         2.40886466e-02,  1.23978160e-02, -2.65606148e-01,\n",
       "        -1.24958673e-01, -5.52729121e-02,  1.03997127e-01,\n",
       "        -1.62311867e-01, -4.57131868e-02],\n",
       "       [ 7.38541248e-02,  7.19590812e-02, -5.64775898e-03,\n",
       "         9.26449588e-02,  1.58160825e-01,  1.16345393e-01,\n",
       "        -1.44095245e-01,  2.15833003e-02,  5.89459188e-03,\n",
       "         7.12904656e-01, -3.27756296e-03, -1.61985024e-01,\n",
       "         2.72561222e-02, -1.74828052e-02,  4.20320553e-02,\n",
       "        -3.05033164e-02,  6.77807105e-03, -5.46400427e-02,\n",
       "         1.46953125e-01, -1.86293487e-02],\n",
       "       [-1.06538648e-01, -9.84657883e-03, -7.28580827e-02,\n",
       "        -1.51941308e-01, -2.12549452e-02,  3.56418442e-02,\n",
       "        -1.91743345e-02, -1.44842820e-01, -1.74017560e-02,\n",
       "        -3.27756296e-03,  7.41688291e-01,  5.52846257e-02,\n",
       "        -1.34999160e-01, -7.70925300e-03,  2.85311634e-02,\n",
       "        -8.00137874e-02,  1.91469235e-01,  2.89045204e-03,\n",
       "         1.26485837e-01,  2.28319258e-02],\n",
       "       [ 1.06245124e-01, -1.63113176e-02, -1.83235353e-02,\n",
       "         7.56419631e-02,  1.00088402e-01, -6.62129018e-02,\n",
       "         8.13444348e-02, -8.81968735e-02, -3.47799023e-02,\n",
       "        -1.61985024e-01,  5.52846257e-02,  6.17983437e-01,\n",
       "        -2.69834720e-02,  1.44141224e-02,  6.14852755e-02,\n",
       "        -9.60886887e-02,  9.31685382e-02, -4.06629835e-02,\n",
       "         1.68495838e-03,  7.25205683e-02],\n",
       "       [ 7.30682112e-02, -5.65477809e-03, -1.48661834e-01,\n",
       "        -5.17248551e-02, -6.48424226e-02, -8.41786860e-02,\n",
       "         5.65104462e-02,  5.19520651e-02,  2.40886466e-02,\n",
       "         2.72561222e-02, -1.34999160e-01, -2.69834720e-02,\n",
       "         7.65601118e-01,  5.61962287e-02, -1.04945154e-03,\n",
       "         4.22947716e-02,  2.13303556e-02,  1.75021704e-01,\n",
       "        -1.03213157e-01,  1.43257824e-01],\n",
       "       [-8.71262566e-02,  1.27971527e-01, -1.55894900e-01,\n",
       "         4.91072128e-02,  6.56560096e-02, -1.04782116e-01,\n",
       "         4.49309361e-02,  4.54684991e-03,  1.23978160e-02,\n",
       "        -1.74828052e-02, -7.70925300e-03,  1.44141224e-02,\n",
       "         5.61962287e-02,  7.75464784e-01, -9.87118065e-03,\n",
       "        -5.64448011e-02,  2.46231892e-02, -3.86089909e-02,\n",
       "        -4.85811614e-02, -2.15716146e-01],\n",
       "       [ 2.78744789e-02, -9.80449227e-02,  7.54525910e-02,\n",
       "        -9.31312984e-02, -1.61448335e-03, -2.89524339e-02,\n",
       "        -1.27369328e-01, -3.34153421e-02, -2.65606148e-01,\n",
       "         4.20320553e-02,  2.85311634e-02,  6.14852755e-02,\n",
       "        -1.04945154e-03, -9.87118065e-03,  6.78117272e-01,\n",
       "        -1.04043432e-02, -7.64210526e-02, -1.69623496e-04,\n",
       "        -9.21269054e-02, -8.00888409e-02],\n",
       "       [-6.38703143e-02,  5.57128166e-02,  1.52491075e-02,\n",
       "         9.06768961e-02,  1.44854469e-01, -9.66388247e-03,\n",
       "        -4.26908587e-03, -4.84294100e-02, -1.24958673e-01,\n",
       "        -3.05033164e-02, -8.00137874e-02, -9.60886887e-02,\n",
       "         4.22947716e-02, -5.64448011e-02, -1.04043432e-02,\n",
       "         6.29658785e-01,  1.01259045e-01,  8.53738249e-02,\n",
       "        -6.94165039e-02, -7.77546971e-02],\n",
       "       [ 1.36069889e-01,  2.73321994e-02,  6.94097446e-02,\n",
       "         6.25013166e-02,  6.45983018e-03,  1.62461851e-03,\n",
       "        -1.02224238e-01,  1.33574242e-01, -5.52729121e-02,\n",
       "         6.77807105e-03,  1.91469235e-01,  9.31685382e-02,\n",
       "         2.13303556e-02,  2.46231892e-02, -7.64210526e-02,\n",
       "         1.01259045e-01,  7.71705467e-01, -2.78741675e-02,\n",
       "        -1.07363956e-01,  1.15593215e-03],\n",
       "       [ 1.01314250e-01,  1.59281794e-01,  2.67071245e-04,\n",
       "        -1.38517344e-01,  5.01255109e-02, -7.38059507e-02,\n",
       "        -6.77169966e-02, -1.68772198e-01,  1.03997127e-01,\n",
       "        -5.46400427e-02,  2.89045204e-03, -4.06629835e-02,\n",
       "         1.75021704e-01, -3.86089909e-02, -1.69623496e-04,\n",
       "         8.53738249e-02, -2.78741675e-02,  6.84539471e-01,\n",
       "        -3.06851538e-02, -5.22523605e-02],\n",
       "       [ 1.16096355e-01,  3.40650243e-02, -3.38434537e-02,\n",
       "        -1.70095332e-02, -1.52522449e-02, -2.13051287e-01,\n",
       "         5.91067690e-02, -2.00891096e-02, -1.62311867e-01,\n",
       "         1.46953125e-01,  1.26485837e-01,  1.68495838e-03,\n",
       "        -1.03213157e-01, -4.85811614e-02, -9.21269054e-02,\n",
       "        -6.94165039e-02, -1.07363956e-01, -3.06851538e-02,\n",
       "         7.21931035e-01, -1.36041622e-03],\n",
       "       [-1.29887035e-01,  6.54763090e-02, -5.09857216e-02,\n",
       "         5.83294889e-02,  7.71144067e-02, -3.06382635e-02,\n",
       "        -2.17509441e-02,  1.20802487e-02, -4.57131868e-02,\n",
       "        -1.86293487e-02,  2.28319258e-02,  7.25205683e-02,\n",
       "         1.43257824e-01, -2.15716146e-01, -8.00888409e-02,\n",
       "        -7.77546971e-02,  1.15593215e-03, -5.22523605e-02,\n",
       "        -1.36041622e-03,  7.28376747e-01]])\n",
       "      jac: array([ 1.03804728e-07, -6.14786066e-07,  2.68016439e-07,  9.47104673e-08,\n",
       "       -4.86025298e-07, -4.81183764e-08,  2.20137989e-07,  4.07868048e-07,\n",
       "       -9.77164996e-08,  4.57015915e-07,  4.94118819e-07,  2.78893615e-07,\n",
       "       -2.10731645e-07,  2.64022552e-07, -1.15728725e-07,  4.93237388e-07,\n",
       "       -4.21241474e-07,  2.67052181e-07, -2.47994831e-07,  2.51880203e-07])\n",
       "  message: 'Optimization terminated successfully.'\n",
       "     nfev: 24\n",
       "      nit: 16\n",
       "     njev: 24\n",
       "   status: 0\n",
       "  success: True\n",
       "        x: array([-0.17983916, -1.22497279,  0.74426356,  0.65068256,  0.19243603,\n",
       "        0.76282461, -0.73824617,  0.7467379 ,  0.09735902, -1.00759741,\n",
       "       -0.08659754, -0.66115837, -0.48263649,  0.65695406, -0.07302672,\n",
       "        0.86836337, -0.15230274, -0.45241343, -0.1466398 , -0.00850879]), times=array([ 0.,  2.,  4.,  6.,  8., 10., 12., 14., 16., 18., 20.]), params=array([-0.17983916, -1.22497279,  0.74426356,  0.65068256,  0.19243603,\n",
       "        0.76282461, -0.73824617,  0.7467379 ,  0.09735902, -1.00759741,\n",
       "       -0.08659754, -0.66115837, -0.48263649,  0.65695406, -0.07302672,\n",
       "        0.86836337, -0.15230274, -0.45241343, -0.1466398 , -0.00850879]), pulse=array([-0.17983916-1.22497279j,  0.74426356+0.65068256j,\n",
       "        0.19243603+0.76282461j, -0.73824617+0.7467379j ,\n",
       "        0.09735902-1.00759741j, -0.08659754-0.66115837j,\n",
       "       -0.48263649+0.65695406j, -0.07302672+0.86836337j,\n",
       "       -0.15230274-0.45241343j, -0.1466398 -0.00850879j]))"
      ]
     },
     "execution_count": 4,
     "metadata": {},
     "output_type": "execute_result"
    }
   ],
   "source": [
    "opt_result = optimizer.optimize()\n",
    "opt_result"
   ]
  },
  {
   "cell_type": "code",
   "execution_count": 5,
   "metadata": {},
   "outputs": [
    {
     "data": {
